17
NULL 0 Common 0
Joined 7 0,255,0,255,0,0,0,0,0,0 Latin 1 0 1 Joined	# Joined [4a 6f 69 6e 65 64 ]a
|Broken|0|1 15 0,255,0,255,0,0,0,0,0,0 Common 2 10 2 |Broken|0|1	# Broken
1 8 0,255,0,255,0,0,0,0,0,0 Common 3 2 3 1	# 1 [31 ]0
A 5 0,255,0,255,0,0,0,0,0,0 Latin 4 0 4 A	# A [41 ]A
2 8 0,255,0,255,0,0,0,0,0,0 Common 5 2 5 2	# 2 [32 ]0
B 5 0,255,0,255,0,0,0,0,0,0 Latin 6 0 6 B	# B [42 ]A
3 8 0,255,0,255,0,0,0,0,0,0 Common 7 2 7 3	# 3 [33 ]0
C 5 0,255,0,255,0,0,0,0,0,0 Latin 8 0 8 C	# C [43 ]A
4 8 0,255,0,255,0,0,0,0,0,0 Common 9 2 9 4	# 4 [34 ]0
D 5 0,255,0,255,0,0,0,0,0,0 Latin 10 0 10 D	# D [44 ]A
5 8 0,255,0,255,0,0,0,0,0,0 Common 11 2 11 5	# 5 [35 ]0
6 8 0,255,0,255,0,0,0,0,0,0 Common 12 2 12 6	# 6 [36 ]0
7 8 0,255,0,255,0,0,0,0,0,0 Common 13 2 13 7	# 7 [37 ]0
8 8 0,255,0,255,0,0,0,0,0,0 Common 14 2 14 8	# 8 [38 ]0
9 8 0,255,0,255,0,0,0,0,0,0 Common 15 2 15 9	# 9 [39 ]0
0 8 0,255,0,255,0,0,0,0,0,0 Common 16 2 16 0	# 0 [30 ]0
